3.800000000000000000e+02 1.368000000000000075e-03 3.899999999999999929e-05 6.450001000000000345e-03
3.810000000000000000e+02 1.502050000000000000e-03 4.282640000000000047e-05 7.083215999999999818e-03
3.820000000000000000e+02 1.642327999999999974e-03 4.691459999999999972e-05 7.745488000000000026e-03
3.830000000000000000e+02 1.802381999999999942e-03 5.158959999999999815e-05 8.501151999999999667e-03
3.840000000000000000e+02 1.995756999999999913e-03 5.717639999999999691e-05 9.414544000000000384e-03
3.850000000000000000e+02 2.236000000000000140e-03 6.399999999999999710e-05 1.054999000000000041e-02
3.860000000000000000e+02 2.535384999999999809e-03 7.234420999999999831e-05 1.196580000000000039e-02
3.870000000000000000e+02 2.892603000000000101e-03 8.221223999999999470e-05 1.365587000000000051e-02
3.880000000000000000e+02 3.300828999999999916e-03 9.350815999999999750e-05 1.558805000000000086e-02
3.890000000000000000e+02 3.753236000000000072e-03 1.061360999999999951e-04 1.773015000000000008e-02
3.900000000000000000e+02 4.243000000000000244e-03 1.200000000000000030e-04 2.005001000000000005e-02
3.910000000000000000e+02 4.762388999999999685e-03 1.349839999999999937e-04 2.251136000000000109e-02
3.920000000000000000e+02 5.330048000000000424e-03 1.514920000000000058e-04 2.520288000000000042e-02
3.930000000000000000e+02 5.978711999999999742e-03 1.702080000000000075e-04 2.827972000000000125e-02
3.940000000000000000e+02 6.741116999999999596e-03 1.918160000000000080e-04 3.189704000000000150e-02
3.950000000000000000e+02 7.649999999999999682e-03 2.169999999999999891e-04 3.620999999999999913e-02
3.960000000000000000e+02 8.751372999999999791e-03 2.469066999999999920e-04 4.143771000000000260e-02
3.970000000000000000e+02 1.002888000000000043e-02 2.812399999999999839e-04 4.750371999999999928e-02
3.980000000000000000e+02 1.142169999999999991e-02 3.185199999999999794e-04 5.411988000000000215e-02
3.990000000000000000e+02 1.286901000000000017e-02 3.572666999999999857e-04 6.099803000000000169e-02
4.000000000000000000e+02 1.430999999999999980e-02 3.959999999999999762e-04 6.785001000000000226e-02
4.010000000000000000e+02 1.570442999999999839e-02 4.337146999999999964e-04 7.448631999999999476e-02
4.020000000000000000e+02 1.714743999999999990e-02 4.730240000000000031e-04 8.136155999999999944e-02
4.030000000000000000e+02 1.878122000000000125e-02 5.178760000000000134e-04 8.915364000000000622e-02
4.040000000000000000e+02 2.074801000000000076e-02 5.722187000000000107e-04 9.854047999999999974e-02
4.050000000000000000e+02 2.318999999999999881e-02 6.400000000000000524e-04 1.102000000000000063e-01
4.060000000000000000e+02 2.620735999999999899e-02 7.245599999999999610e-04 1.246132999999999963e-01
4.070000000000000000e+02 2.978248000000000006e-02 8.254999999999999534e-04 1.417017000000000138e-01
4.080000000000000000e+02 3.388092000000000187e-02 9.411600000000000217e-04 1.613034999999999886e-01
4.090000000000000000e+02 3.846824000000000077e-02 1.069880000000000050e-03 1.832567999999999975e-01
4.100000000000000000e+02 4.351000000000000006e-02 1.209999999999999921e-03 2.074000000000000010e-01
4.110000000000000000e+02 4.899560000000000026e-02 1.362090999999999953e-03 2.336921000000000137e-01
4.120000000000000000e+02 5.502259999999999790e-02 1.530752000000000024e-03 2.626113999999999948e-01
4.130000000000000000e+02 6.171879999999999727e-02 1.720367999999999897e-03 2.947745999999999977e-01
4.140000000000000000e+02 6.921199999999999575e-02 1.935323000000000078e-03 3.307984999999999953e-01
4.150000000000000000e+02 7.763000000000000456e-02 2.180000000000000080e-03 3.713000000000000189e-01
4.160000000000000000e+02 8.695811000000000512e-02 2.454800000000000038e-03 4.162090999999999985e-01
4.170000000000000000e+02 9.717671999999999422e-02 2.763999999999999964e-03 4.654641999999999946e-01
4.180000000000000000e+02 1.084062999999999971e-01 3.117799999999999998e-03 5.196948000000000123e-01
4.190000000000000000e+02 1.207672000000000051e-01 3.526399999999999847e-03 5.795303000000000537e-01
4.200000000000000000e+02 1.343799999999999994e-01 4.000000000000000083e-03 6.455999999999999517e-01
4.210000000000000000e+02 1.493581999999999965e-01 4.546240000000000003e-03 7.184838000000000058e-01
4.220000000000000000e+02 1.653957000000000066e-01 5.159320000000000225e-03 7.967132999999999576e-01
4.230000000000000000e+02 1.819831000000000087e-01 5.829280000000000052e-03 8.778458999999999568e-01
4.240000000000000000e+02 1.986110000000000098e-01 6.546159999999999653e-03 9.594390000000000418e-01
4.250000000000000000e+02 2.147699999999999887e-01 7.300000000000000065e-03 1.039050100000000088e+00
4.260000000000000000e+02 2.301867999999999970e-01 8.086506999999999723e-03 1.115367299999999950e+00
4.270000000000000000e+02 2.448797000000000057e-01 8.908720000000000180e-03 1.188497099999999973e+00
4.280000000000000000e+02 2.587772999999999879e-01 9.767680000000000806e-03 1.258123300000000055e+00
4.290000000000000000e+02 2.718078999999999912e-01 1.066443000000000078e-02 1.323929600000000040e+00
4.300000000000000000e+02 2.838999999999999857e-01 1.159999999999999920e-02 1.385599999999999943e+00
4.310000000000000000e+02 2.949437999999999782e-01 1.257316999999999983e-02 1.442635200000000006e+00
4.320000000000000000e+02 3.048965000000000147e-01 1.358271999999999952e-02 1.494803499999999952e+00
4.330000000000000000e+02 3.137872999999999912e-01 1.462968000000000081e-02 1.542190299999999903e+00
4.340000000000000000e+02 3.216454000000000257e-01 1.571509000000000100e-02 1.584880700000000031e+00
4.350000000000000000e+02 3.285000000000000142e-01 1.684000000000000080e-02 1.622959999999999958e+00
4.360000000000000000e+02 3.343513000000000179e-01 1.800736000000000003e-02 1.656404800000000010e+00
4.370000000000000000e+02 3.392101000000000144e-01 1.921447999999999906e-02 1.685295900000000069e+00
4.380000000000000000e+02 3.431213000000000179e-01 2.045392000000000043e-02 1.709874499999999964e+00
4.390000000000000000e+02 3.461295999999999817e-01 2.171823999999999977e-02 1.730382099999999923e+00
4.400000000000000000e+02 3.482799999999999785e-01 2.299999999999999961e-02 1.747060000000000057e+00
4.410000000000000000e+02 3.495999000000000190e-01 2.429461000000000120e-02 1.760044600000000070e+00
4.420000000000000000e+02 3.501473999999999975e-01 2.561023999999999939e-02 1.769623299999999899e+00
4.430000000000000000e+02 3.500130000000000186e-01 2.695857000000000114e-02 1.776263699999999890e+00
4.440000000000000000e+02 3.492870000000000141e-01 2.835125000000000145e-02 1.780433399999999944e+00
4.450000000000000000e+02 3.480599999999999805e-01 2.980000000000000010e-02 1.782599999999999962e+00
4.460000000000000000e+02 3.463732999999999951e-01 3.131082999999999783e-02 1.782968200000000003e+00
4.470000000000000000e+02 3.442624000000000239e-01 3.288367999999999847e-02 1.781699799999999945e+00
4.480000000000000000e+02 3.418088000000000237e-01 3.452112000000000236e-02 1.779198199999999952e+00
4.490000000000000000e+02 3.390941000000000094e-01 3.622571000000000124e-02 1.775867099999999921e+00
4.500000000000000000e+02 3.361999999999999988e-01 3.799999999999999906e-02 1.772110000000000074e+00
4.510000000000000000e+02 3.331976999999999856e-01 3.984667000000000070e-02 1.768258899999999967e+00
4.520000000000000000e+02 3.300410999999999762e-01 4.176799999999999957e-02 1.764038999999999913e+00
4.530000000000000000e+02 3.266356999999999733e-01 4.376599999999999935e-02 1.758943799999999946e+00
4.540000000000000000e+02 3.228867999999999738e-01 4.584267000000000203e-02 1.752466300000000032e+00
4.550000000000000000e+02 3.186999999999999833e-01 4.800000000000000100e-02 1.744099999999999984e+00
4.560000000000000000e+02 3.140251000000000015e-01 5.024367999999999890e-02 1.733559499999999920e+00
4.570000000000000000e+02 3.088839999999999919e-01 5.257304000000000144e-02 1.720858100000000057e+00
4.580000000000000000e+02 3.032904000000000155e-01 5.498055999999999777e-02 1.705936899999999978e+00
4.590000000000000000e+02 2.972579000000000193e-01 5.745871999999999785e-02 1.688737200000000049e+00
4.600000000000000000e+02 2.908000000000000029e-01 5.999999999999999778e-02 1.669200000000000017e+00
4.610000000000000000e+02 2.839701000000000031e-01 6.260197000000000678e-02 1.647528700000000068e+00
4.620000000000000000e+02 2.767214000000000063e-01 6.527752000000000554e-02 1.623412700000000042e+00
4.630000000000000000e+02 2.689177999999999846e-01 6.804208000000000478e-02 1.596022300000000005e+00
4.640000000000000000e+02 2.604227000000000070e-01 7.091108999999999607e-02 1.564527999999999919e+00
4.650000000000000000e+02 2.510999999999999899e-01 7.389999999999999347e-02 1.528100000000000014e+00
4.660000000000000000e+02 2.408474999999999921e-01 7.701600000000000112e-02 1.486111399999999971e+00
4.670000000000000000e+02 2.298512000000000055e-01 8.026640000000000164e-02 1.439521499999999898e+00
4.680000000000000000e+02 2.184071999999999958e-01 8.366679999999999950e-02 1.389879899999999946e+00
4.690000000000000000e+02 2.068115000000000092e-01 8.723279999999999923e-02 1.338736200000000043e+00
4.700000000000000000e+02 1.953600000000000059e-01 9.098000000000000531e-02 1.287639999999999896e+00
4.710000000000000000e+02 1.842136000000000051e-01 9.491755000000000331e-02 1.237422299999999975e+00
4.720000000000000000e+02 1.733272999999999897e-01 9.904583999999999611e-02 1.187824299999999944e+00
4.730000000000000000e+02 1.626881000000000022e-01 1.033673999999999982e-01 1.138761099999999971e+00
4.740000000000000000e+02 1.522833000000000103e-01 1.078845999999999972e-01 1.090147999999999895e+00
4.750000000000000000e+02 1.421000000000000041e-01 1.126000000000000056e-01 1.041900000000000048e+00
4.760000000000000000e+02 1.321786000000000072e-01 1.175319999999999976e-01 9.941976000000000147e-01
4.770000000000000000e+02 1.225696000000000008e-01 1.226744000000000029e-01 9.473473000000000033e-01
4.780000000000000000e+02 1.132752000000000064e-01 1.279927999999999899e-01 9.014531000000000072e-01
4.790000000000000000e+02 1.042978999999999989e-01 1.334528000000000103e-01 8.566192999999999724e-01
4.800000000000000000e+02 9.564000000000000279e-02 1.390200000000000047e-01 8.129501000000000088e-01
4.810000000000000000e+02 8.729955000000000354e-02 1.446764000000000105e-01 7.705172999999999606e-01
4.820000000000000000e+02 7.930803999999999632e-02 1.504693000000000003e-01 7.294448000000000043e-01
4.830000000000000000e+02 7.171776000000000539e-02 1.564618999999999871e-01 6.899136000000000157e-01
4.840000000000000000e+02 6.458099000000000478e-02 1.627176999999999929e-01 6.521048999999999873e-01
4.850000000000000000e+02 5.795001000000000319e-02 1.693000000000000060e-01 6.161999999999999700e-01
4.860000000000000000e+02 5.186211000000000293e-02 1.762431000000000136e-01 5.823285999999999740e-01
4.870000000000000000e+02 4.628151999999999960e-02 1.835581000000000018e-01 5.504162000000000221e-01
4.880000000000000000e+02 4.115088000000000079e-02 1.912735000000000130e-01 5.203375999999999557e-01
4.890000000000000000e+02 3.641283000000000020e-02 1.994180000000000119e-01 4.919672999999999963e-01
4.900000000000000000e+02 3.200999999999999679e-02 2.080200000000000105e-01 4.651799999999999824e-01
4.910000000000000000e+02 2.791719999999999965e-02 2.171199000000000046e-01 4.399245999999999990e-01
4.920000000000000000e+02 2.414439999999999989e-02 2.267345000000000055e-01 4.161835999999999869e-01
4.930000000000000000e+02 2.068700000000000053e-02 2.368570999999999871e-01 3.938822000000000156e-01
4.940000000000000000e+02 1.754040000000000113e-02 2.474812000000000123e-01 3.729458999999999969e-01
4.950000000000000000e+02 1.469999999999999953e-02 2.585999999999999965e-01 3.533000000000000029e-01
4.960000000000000000e+02 1.216179000000000045e-02 2.701849000000000056e-01 3.348577999999999832e-01
4.970000000000000000e+02 9.919960000000000236e-03 2.822938999999999865e-01 3.175521000000000038e-01
4.980000000000000000e+02 7.967240000000000433e-03 2.950504999999999933e-01 3.013374999999999804e-01
4.990000000000000000e+02 6.296346000000000408e-03 3.085780000000000189e-01 2.861685999999999952e-01
5.000000000000000000e+02 4.899999999999999842e-03 3.230000000000000093e-01 2.720000000000000195e-01
5.010000000000000000e+02 3.777172999999999989e-03 3.384020999999999835e-01 2.588171000000000221e-01
5.020000000000000000e+02 2.945319999999999969e-03 3.546857999999999955e-01 2.464838000000000029e-01
5.030000000000000000e+02 2.424879999999999917e-03 3.716985999999999901e-01 2.347718000000000027e-01
5.040000000000000000e+02 2.236292999999999875e-03 3.892875000000000085e-01 2.234532999999999936e-01
5.050000000000000000e+02 2.399999999999999790e-03 4.072999999999999954e-01 2.122999999999999887e-01
5.060000000000000000e+02 2.925520000000000030e-03 4.256299000000000055e-01 2.011691999999999925e-01
5.070000000000000000e+02 3.836560000000000144e-03 4.443096000000000267e-01 1.901195999999999997e-01
5.080000000000000000e+02 5.174839999999999995e-03 4.633943999999999841e-01 1.792254000000000069e-01
5.090000000000000000e+02 6.982079999999999884e-03 4.829395000000000215e-01 1.685608000000000106e-01
5.100000000000000000e+02 9.299999999999999239e-03 5.030000000000000027e-01 1.582000000000000073e-01
5.110000000000000000e+02 1.214949000000000064e-02 5.235693000000000152e-01 1.481383000000000005e-01
5.120000000000000000e+02 1.553588000000000018e-02 5.445119999999999960e-01 1.383757999999999933e-01
5.130000000000000000e+02 1.947752000000000164e-02 5.656900000000000261e-01 1.289942000000000033e-01
5.140000000000000000e+02 2.399277000000000007e-02 5.869653000000000231e-01 1.200751000000000041e-01
5.150000000000000000e+02 2.910000000000000087e-02 6.081999999999999629e-01 1.116999999999999937e-01
5.160000000000000000e+02 3.481485000000000135e-02 6.293455999999999495e-01 1.039048000000000055e-01
5.170000000000000000e+02 4.112016000000000282e-02 6.503067999999999627e-01 9.666748000000000007e-02
5.180000000000000000e+02 4.798503999999999964e-02 6.708752000000000049e-01 8.998272000000000215e-02
5.190000000000000000e+02 5.537861000000000172e-02 6.908423999999999676e-01 8.384531000000000622e-02
5.200000000000000000e+02 6.327000000000000679e-02 7.099999999999999645e-01 7.824999000000000537e-02
5.210000000000000000e+02 7.163500999999999896e-02 7.281851999999999769e-01 7.320899000000000156e-02
5.220000000000000000e+02 8.046224000000000431e-02 7.454636000000000040e-01 6.867816000000000198e-02
5.230000000000000000e+02 8.973995999999999362e-02 7.619694000000000189e-01 6.456784000000000134e-02
5.240000000000000000e+02 9.945645000000000180e-02 7.778367999999999949e-01 6.078834999999999794e-02
5.250000000000000000e+02 1.096000000000000030e-01 7.932000000000000162e-01 5.725000999999999701e-02
5.260000000000000000e+02 1.201673999999999937e-01 8.081104000000000065e-01 5.390434999999999671e-02
5.270000000000000000e+02 1.311144999999999949e-01 8.224962000000000106e-01 5.074664000000000258e-02
5.280000000000000000e+02 1.423678999999999917e-01 8.363068000000000168e-01 4.775275999999999826e-02
5.290000000000000000e+02 1.538541999999999965e-01 8.494916000000000134e-01 4.489859000000000211e-02
5.300000000000000000e+02 1.655000000000000082e-01 8.619999999999999885e-01 4.216000000000000303e-02
5.310000000000000000e+02 1.772571000000000008e-01 8.738107999999999986e-01 3.950727999999999879e-02
5.320000000000000000e+02 1.891400000000000026e-01 8.849624000000000379e-01 3.693563999999999875e-02
5.330000000000000000e+02 2.011693999999999982e-01 8.954936000000000007e-01 3.445836000000000038e-02
5.340000000000000000e+02 2.133657999999999944e-01 9.054432000000000036e-01 3.208872000000000113e-02
5.350000000000000000e+02 2.257499000000000033e-01 9.148500999999999994e-01 2.983999999999999847e-02
5.360000000000000000e+02 2.383209000000000022e-01 9.237347999999999670e-01 2.771180999999999992e-02
5.370000000000000000e+02 2.510667999999999789e-01 9.320924000000000431e-01 2.569443999999999895e-02
5.380000000000000000e+02 2.639922000000000102e-01 9.399226000000000525e-01 2.378716000000000164e-02
5.390000000000000000e+02 2.771017000000000063e-01 9.472251999999999894e-01 2.198924999999999838e-02
5.400000000000000000e+02 2.903999999999999915e-01 9.539999999999999591e-01 2.029999999999999860e-02
5.410000000000000000e+02 3.038911999999999725e-01 9.602560999999999458e-01 1.871804999999999997e-02
5.420000000000000000e+02 3.175725999999999827e-01 9.660073999999999605e-01 1.724035999999999971e-02
5.430000000000000000e+02 3.314384000000000219e-01 9.712606000000000295e-01 1.586363999999999830e-02
5.440000000000000000e+02 3.454827999999999788e-01 9.760225000000000151e-01 1.458460999999999959e-02
5.450000000000000000e+02 3.597000000000000197e-01 9.802999999999999492e-01 1.340000000000000045e-02
5.460000000000000000e+02 3.740839000000000247e-01 9.840923999999999783e-01 1.230723000000000060e-02
5.470000000000000000e+02 3.886395999999999740e-01 9.874182000000000237e-01 1.130188000000000026e-02
5.480000000000000000e+02 4.033784000000000258e-01 9.903127999999999931e-01 1.037792000000000055e-02
5.490000000000000000e+02 4.183115000000000028e-01 9.928116000000000163e-01 9.529305999999999541e-03
5.500000000000000000e+02 4.334498999999999991e-01 9.949500999999999484e-01 8.749998999999999624e-03
5.510000000000000000e+02 4.487953000000000081e-01 9.967108000000000079e-01 8.035199999999999287e-03
5.520000000000000000e+02 4.643360000000000265e-01 9.980982999999999938e-01 7.381600000000000314e-03
5.530000000000000000e+02 4.800639999999999907e-01 9.991120000000000001e-01 6.785399999999999592e-03
5.540000000000000000e+02 4.959713000000000038e-01 9.997481999999999758e-01 6.242799999999999738e-03
5.550000000000000000e+02 5.120500999999999525e-01 1.000000000000000000e+00 5.749999000000000429e-03
5.560000000000000000e+02 5.282959000000000405e-01 9.998567000000000426e-01 5.303600000000000328e-03
5.570000000000000000e+02 5.446916000000000535e-01 9.993045999999999873e-01 4.899800000000000162e-03
5.580000000000000000e+02 5.612093999999999694e-01 9.983254999999999768e-01 4.534200000000000383e-03
5.590000000000000000e+02 5.778214999999999879e-01 9.968987000000000265e-01 4.202400000000000233e-03
5.600000000000000000e+02 5.945000000000000284e-01 9.949999999999999956e-01 3.899999999999999821e-03
5.610000000000000000e+02 6.112208999999999559e-01 9.926004999999999967e-01 3.623200000000000032e-03
5.620000000000000000e+02 6.279757999999999729e-01 9.897426000000000279e-01 3.370600000000000072e-03
5.630000000000000000e+02 6.447602000000000055e-01 9.864443999999999990e-01 3.141399999999999922e-03
5.640000000000000000e+02 6.615697000000000383e-01 9.827240999999999893e-01 2.934799999999999996e-03
5.650000000000000000e+02 6.784000000000000030e-01 9.786000000000000254e-01 2.749998999999999933e-03
5.660000000000000000e+02 6.952391999999999461e-01 9.740836999999999968e-01 2.585200000000000171e-03
5.670000000000000000e+02 7.120585999999999860e-01 9.691712000000000105e-01 2.438599999999999969e-03
5.680000000000000000e+02 7.288284000000000429e-01 9.638567999999999580e-01 2.309400000000000081e-03
5.690000000000000000e+02 7.455188000000000370e-01 9.581349000000000116e-01 2.196800000000000055e-03
5.700000000000000000e+02 7.620999999999999996e-01 9.519999999999999574e-01 2.099999999999999870e-03
5.710000000000000000e+02 7.785431999999999908e-01 9.454504000000000241e-01 2.017732999999999853e-03
5.720000000000000000e+02 7.948256000000000210e-01 9.384991999999999779e-01 1.948199999999999975e-03
5.730000000000000000e+02 8.109264000000000472e-01 9.311627999999999572e-01 1.889800000000000074e-03
5.740000000000000000e+02 8.268248000000000264e-01 9.234575999999999896e-01 1.840932999999999892e-03
5.750000000000000000e+02 8.425000000000000266e-01 9.153999999999999915e-01 1.799999999999999951e-03
5.760000000000000000e+02 8.579324999999999868e-01 9.070063999999999904e-01 1.766266999999999967e-03
5.770000000000000000e+02 8.730816000000000132e-01 8.982771999999999979e-01 1.737800000000000065e-03
5.780000000000000000e+02 8.878943999999999726e-01 8.892048000000000174e-01 1.711199999999999961e-03
5.790000000000000000e+02 9.023181000000000118e-01 8.797816000000000525e-01 1.683066999999999896e-03
5.800000000000000000e+02 9.163000000000000034e-01 8.699999999999999956e-01 1.650000999999999898e-03
5.810000000000000000e+02 9.297995000000000010e-01 8.598613000000000506e-01 1.610132999999999920e-03
5.820000000000000000e+02 9.427984000000000364e-01 8.493920000000000359e-01 1.564400000000000079e-03
5.830000000000000000e+02 9.552775999999999490e-01 8.386219999999999786e-01 1.513599999999999928e-03
5.840000000000000000e+02 9.672178999999999638e-01 8.275812999999999642e-01 1.458532999999999922e-03
5.850000000000000000e+02 9.786000000000000254e-01 8.163000000000000256e-01 1.399999999999999986e-03
5.860000000000000000e+02 9.893855999999999762e-01 8.047946999999999740e-01 1.336666999999999933e-03
5.870000000000000000e+02 9.995488000000000151e-01 7.930819999999999537e-01 1.270000000000000078e-03
5.880000000000000000e+02 1.009089200000000019e+00 7.811919999999999975e-01 1.204999999999999908e-03
5.890000000000000000e+02 1.018006399999999978e+00 7.691546999999999690e-01 1.146667000000000085e-03
5.900000000000000000e+02 1.026299999999999990e+00 7.570000000000000062e-01 1.100000000000000066e-03
5.910000000000000000e+02 1.033982699999999921e+00 7.447540999999999745e-01 1.068799999999999958e-03
5.920000000000000000e+02 1.040985999999999967e+00 7.324224000000000290e-01 1.049400000000000029e-03
5.930000000000000000e+02 1.047188000000000008e+00 7.200035999999999659e-01 1.035600000000000019e-03
5.940000000000000000e+02 1.052466700000000088e+00 7.074964999999999726e-01 1.021200000000000102e-03
5.950000000000000000e+02 1.056699999999999973e+00 6.948999999999999622e-01 1.000000000000000021e-03
5.960000000000000000e+02 1.059794399999999914e+00 6.822192000000000256e-01 9.686399999999999958e-04
5.970000000000000000e+02 1.061799200000000054e+00 6.694715999999999445e-01 9.299199999999999871e-04
5.980000000000000000e+02 1.062806799999999940e+00 6.566743999999999915e-01 8.868800000000000468e-04
5.990000000000000000e+02 1.062909600000000010e+00 6.438447999999999949e-01 8.425600000000000103e-04
6.000000000000000000e+02 1.062200000000000033e+00 6.310000000000000053e-01 8.000000000000000383e-04
6.010000000000000000e+02 1.060735200000000100e+00 6.181554999999999689e-01 7.609599999999999784e-04
6.020000000000000000e+02 1.058443599999999929e+00 6.053144000000000302e-01 7.236799999999999830e-04
6.030000000000000000e+02 1.055224399999999951e+00 5.924755999999999911e-01 6.859200000000000193e-04
6.040000000000000000e+02 1.050976799999999933e+00 5.796379000000000392e-01 6.454399999999999461e-04
6.050000000000000000e+02 1.045600000000000085e+00 5.667999999999999705e-01 5.999999999999999474e-04
6.060000000000000000e+02 1.039036899999999930e+00 5.539610999999999841e-01 5.478666999999999565e-04
6.070000000000000000e+02 1.031360800000000078e+00 5.411371999999999849e-01 4.916000000000000231e-04
6.080000000000000000e+02 1.022666199999999970e+00 5.283527999999999558e-01 4.354000000000000123e-04
6.090000000000000000e+02 1.013047699999999995e+00 5.156323000000000434e-01 3.834667000000000262e-04
6.100000000000000000e+02 1.002599999999999936e+00 5.030000000000000027e-01 3.400000000000000244e-04
6.110000000000000000e+02 9.913674999999999571e-01 4.904687999999999826e-01 3.072533000000000013e-04
6.120000000000000000e+02 9.793313999999999631e-01 4.780304000000000220e-01 2.831600000000000198e-04
6.130000000000000000e+02 9.664916000000000063e-01 4.656776000000000248e-01 2.654399999999999793e-04
6.140000000000000000e+02 9.528478999999999699e-01 4.534032000000000062e-01 2.518132999999999765e-04
6.150000000000000000e+02 9.384000000000000119e-01 4.411999999999999811e-01 2.400000000000000061e-04
6.160000000000000000e+02 9.231939999999999591e-01 4.290800000000000169e-01 2.295467000000000091e-04
6.170000000000000000e+02 9.072440000000000504e-01 4.170360000000000178e-01 2.206400000000000017e-04
6.180000000000000000e+02 8.905020000000000158e-01 4.050320000000000031e-01 2.119599999999999967e-04
6.190000000000000000e+02 8.729200000000000292e-01 3.930319999999999925e-01 2.021867000000000000e-04
6.200000000000000000e+02 8.544498999999999844e-01 3.810000000000000053e-01 1.900000000000000105e-04
6.210000000000000000e+02 8.350840000000000485e-01 3.689183999999999797e-01 1.742132999999999876e-04
6.220000000000000000e+02 8.149459999999999482e-01 3.568272000000000110e-01 1.556399999999999938e-04
6.230000000000000000e+02 7.941859999999999475e-01 3.447767999999999944e-01 1.359599999999999925e-04
6.240000000000000000e+02 7.729540000000000299e-01 3.328175999999999912e-01 1.168532999999999947e-04
6.250000000000000000e+02 7.513999999999999568e-01 3.210000000000000075e-01 1.000000000000000048e-04
6.260000000000000000e+02 7.295835999999999988e-01 3.093381000000000047e-01 8.613333000000000632e-05
6.270000000000000000e+02 7.075888000000000178e-01 2.978504000000000151e-01 7.459999999999999726e-05
6.280000000000000000e+02 6.856022000000000505e-01 2.865936000000000039e-01 6.499999999999999431e-05
6.290000000000000000e+02 6.638104000000000227e-01 2.756244999999999945e-01 5.693333000000000128e-05
6.300000000000000000e+02 6.423999999999999710e-01 2.650000000000000133e-01 4.999999000000000170e-05
6.310000000000000000e+02 6.215148999999999813e-01 2.547632000000000230e-01 4.415999999999999732e-05
6.320000000000000000e+02 6.011138000000000314e-01 2.448896000000000128e-01 3.948000000000000147e-05
6.330000000000000000e+02 5.811051999999999884e-01 2.353343999999999991e-01 3.571999999999999682e-05
6.340000000000000000e+02 5.613976999999999995e-01 2.260527999999999982e-01 3.263999999999999920e-05
6.350000000000000000e+02 5.419000000000000483e-01 2.169999999999999984e-01 3.000000000000000076e-05
6.360000000000000000e+02 5.225994999999999946e-01 2.081616000000000022e-01 2.765333000000000041e-05
6.370000000000000000e+02 5.035463999999999496e-01 1.995487999999999984e-01 2.555999999999999922e-05
6.380000000000000000e+02 4.847435999999999967e-01 1.911551999999999973e-01 2.364000000000000067e-05
6.390000000000000000e+02 4.661938999999999944e-01 1.829744000000000093e-01 2.181332999999999872e-05
6.400000000000000000e+02 4.479000000000000203e-01 1.749999999999999889e-01 2.000000000000000164e-05
6.410000000000000000e+02 4.298613000000000017e-01 1.672234999999999971e-01 1.813333000000000008e-05
6.420000000000000000e+02 4.120980000000000198e-01 1.596463999999999939e-01 1.620000000000000075e-05
6.430000000000000000e+02 3.946439999999999948e-01 1.522776000000000129e-01 1.419999999999999957e-05
6.440000000000000000e+02 3.775333000000000161e-01 1.451259000000000021e-01 1.213332999999999992e-05
6.450000000000000000e+02 3.608000000000000096e-01 1.381999999999999895e-01 1.000000000000000082e-05
6.460000000000000000e+02 3.444562999999999930e-01 1.315002999999999866e-01 7.733332999999999570e-06
6.470000000000000000e+02 3.285167999999999977e-01 1.250247999999999915e-01 5.399999999999999967e-06
6.480000000000000000e+02 3.130191999999999974e-01 1.187792000000000014e-01 3.199999999999999855e-06
6.490000000000000000e+02 2.980011000000000188e-01 1.127690999999999971e-01 1.333333000000000072e-06
6.500000000000000000e+02 2.834999999999999742e-01 1.069999999999999979e-01 0.000000000000000000e+00
6.510000000000000000e+02 2.695447999999999733e-01 1.014762000000000025e-01 0.000000000000000000e+00
6.520000000000000000e+02 2.561184000000000238e-01 9.618864000000000580e-02 0.000000000000000000e+00
6.530000000000000000e+02 2.431896000000000058e-01 9.112296000000000284e-02 0.000000000000000000e+00
6.540000000000000000e+02 2.307271999999999934e-01 8.626485000000000403e-02 0.000000000000000000e+00
6.550000000000000000e+02 2.187000000000000055e-01 8.160000000000000586e-02 0.000000000000000000e+00
6.560000000000000000e+02 2.070971000000000062e-01 7.712064000000000419e-02 0.000000000000000000e+00
6.570000000000000000e+02 1.959231999999999918e-01 7.282552000000000469e-02 0.000000000000000000e+00
6.580000000000000000e+02 1.851707999999999965e-01 6.871008000000000671e-02 0.000000000000000000e+00
6.590000000000000000e+02 1.748322999999999960e-01 6.476975999999999567e-02 0.000000000000000000e+00
6.600000000000000000e+02 1.648999999999999910e-01 6.099999999999999867e-02 0.000000000000000000e+00
6.610000000000000000e+02 1.553666999999999965e-01 5.739621000000000306e-02 0.000000000000000000e+00
6.620000000000000000e+02 1.462299999999999989e-01 5.395504000000000272e-02 0.000000000000000000e+00
6.630000000000000000e+02 1.374900000000000011e-01 5.067375999999999825e-02 0.000000000000000000e+00
6.640000000000000000e+02 1.291467000000000032e-01 4.754964999999999886e-02 0.000000000000000000e+00
6.650000000000000000e+02 1.212000000000000022e-01 4.458000000000000157e-02 0.000000000000000000e+00
6.660000000000000000e+02 1.136396999999999963e-01 4.175871999999999917e-02 0.000000000000000000e+00
6.670000000000000000e+02 1.064650000000000041e-01 3.908496000000000192e-02 0.000000000000000000e+00
6.680000000000000000e+02 9.969044000000000516e-02 3.656384000000000023e-02 0.000000000000000000e+00
6.690000000000000000e+02 9.333060999999999441e-02 3.420047999999999838e-02 0.000000000000000000e+00
6.700000000000000000e+02 8.740000000000000546e-02 3.200000000000000067e-02 0.000000000000000000e+00
6.710000000000000000e+02 8.190095999999999488e-02 2.996261000000000063e-02 0.000000000000000000e+00
6.720000000000000000e+02 7.680428000000000255e-02 2.807663999999999993e-02 0.000000000000000000e+00
6.730000000000000000e+02 7.207711999999999453e-02 2.632935999999999957e-02 0.000000000000000000e+00
6.740000000000000000e+02 6.768664000000000625e-02 2.470804999999999876e-02 0.000000000000000000e+00
6.750000000000000000e+02 6.360000000000000375e-02 2.319999999999999840e-02 0.000000000000000000e+00
6.760000000000000000e+02 5.980685000000000168e-02 2.180077000000000056e-02 0.000000000000000000e+00
6.770000000000000000e+02 5.628215999999999775e-02 2.050112000000000115e-02 0.000000000000000000e+00
6.780000000000000000e+02 5.297103999999999702e-02 1.928107999999999905e-02 0.000000000000000000e+00
6.790000000000000000e+02 4.981860999999999928e-02 1.812068999999999833e-02 0.000000000000000000e+00
6.800000000000000000e+02 4.676999999999999907e-02 1.700000000000000122e-02 0.000000000000000000e+00
6.810000000000000000e+02 4.378404999999999797e-02 1.590379000000000098e-02 0.000000000000000000e+00
6.820000000000000000e+02 4.087535999999999947e-02 1.483718000000000016e-02 0.000000000000000000e+00
6.830000000000000000e+02 3.807263999999999787e-02 1.381068000000000053e-02 0.000000000000000000e+00
6.840000000000000000e+02 3.540461000000000302e-02 1.283478000000000049e-02 0.000000000000000000e+00
6.850000000000000000e+02 3.289999999999999869e-02 1.192000000000000004e-02 0.000000000000000000e+00
6.860000000000000000e+02 3.056419000000000150e-02 1.106830999999999961e-02 0.000000000000000000e+00
6.870000000000000000e+02 2.838055999999999912e-02 1.027339000000000030e-02 0.000000000000000000e+00
6.880000000000000000e+02 2.634484000000000131e-02 9.533310999999999175e-03 0.000000000000000000e+00
6.890000000000000000e+02 2.445274999999999879e-02 8.846157000000000326e-03 0.000000000000000000e+00
6.900000000000000000e+02 2.270000000000000143e-02 8.210000000000000284e-03 0.000000000000000000e+00
6.910000000000000000e+02 2.108428999999999859e-02 7.623780999999999614e-03 0.000000000000000000e+00
6.920000000000000000e+02 1.959988000000000008e-02 7.085423999999999889e-03 0.000000000000000000e+00
6.930000000000000000e+02 1.823732000000000131e-02 6.591475999999999759e-03 0.000000000000000000e+00
6.940000000000000000e+02 1.698716999999999935e-02 6.138484999999999948e-03 0.000000000000000000e+00
6.950000000000000000e+02 1.583999999999999991e-02 5.722999999999999789e-03 0.000000000000000000e+00
6.960000000000000000e+02 1.479064000000000073e-02 5.343058999999999829e-03 0.000000000000000000e+00
6.970000000000000000e+02 1.383131999999999938e-02 4.995796000000000264e-03 0.000000000000000000e+00
6.980000000000000000e+02 1.294868000000000061e-02 4.676404000000000324e-03 0.000000000000000000e+00
6.990000000000000000e+02 1.212919999999999970e-02 4.380074999999999767e-03 0.000000000000000000e+00
7.000000000000000000e+02 1.135916000000000009e-02 4.101999999999999744e-03 0.000000000000000000e+00
7.010000000000000000e+02 1.062934999999999922e-02 3.838452999999999917e-03 0.000000000000000000e+00
7.020000000000000000e+02 9.938845999999999445e-03 3.589099000000000109e-03 0.000000000000000000e+00
7.030000000000000000e+02 9.288421999999999304e-03 3.354218999999999864e-03 0.000000000000000000e+00
7.040000000000000000e+02 8.678853999999999735e-03 3.134093000000000122e-03 0.000000000000000000e+00
7.050000000000000000e+02 8.110915999999999265e-03 2.929000000000000180e-03 0.000000000000000000e+00
7.060000000000000000e+02 7.582387999999999802e-03 2.738139000000000111e-03 0.000000000000000000e+00
7.070000000000000000e+02 7.088745999999999936e-03 2.559875999999999992e-03 0.000000000000000000e+00
7.080000000000000000e+02 6.627313000000000127e-03 2.393244000000000100e-03 0.000000000000000000e+00
7.090000000000000000e+02 6.195408000000000338e-03 2.237274999999999941e-03 0.000000000000000000e+00
7.100000000000000000e+02 5.790346000000000035e-03 2.090999999999999977e-03 0.000000000000000000e+00
7.110000000000000000e+02 5.409826000000000391e-03 1.953587000000000119e-03 0.000000000000000000e+00
7.120000000000000000e+02 5.052583000000000248e-03 1.824579999999999909e-03 0.000000000000000000e+00
7.130000000000000000e+02 4.717512000000000094e-03 1.703579999999999895e-03 0.000000000000000000e+00
7.140000000000000000e+02 4.403507000000000081e-03 1.590187000000000067e-03 0.000000000000000000e+00
7.150000000000000000e+02 4.109457000000000387e-03 1.484000000000000076e-03 0.000000000000000000e+00
7.160000000000000000e+02 3.833912999999999991e-03 1.384496000000000034e-03 0.000000000000000000e+00
7.170000000000000000e+02 3.575748000000000121e-03 1.291267999999999930e-03 0.000000000000000000e+00
7.180000000000000000e+02 3.334342000000000122e-03 1.204091999999999923e-03 0.000000000000000000e+00
7.190000000000000000e+02 3.109075000000000207e-03 1.122743999999999956e-03 0.000000000000000000e+00
7.200000000000000000e+02 2.899327000000000154e-03 1.046999999999999971e-03 0.000000000000000000e+00
7.210000000000000000e+02 2.704348000000000082e-03 9.765895999999999171e-04 0.000000000000000000e+00
7.220000000000000000e+02 2.523019999999999950e-03 9.111088000000000476e-04 0.000000000000000000e+00
7.230000000000000000e+02 2.354167999999999799e-03 8.501331999999999466e-04 0.000000000000000000e+00
7.240000000000000000e+02 2.196616000000000193e-03 7.932383999999999573e-04 0.000000000000000000e+00
7.250000000000000000e+02 2.049190000000000213e-03 7.399999999999999894e-04 0.000000000000000000e+00
7.260000000000000000e+02 1.910959999999999959e-03 6.900826999999999786e-04 0.000000000000000000e+00
7.270000000000000000e+02 1.781437999999999989e-03 6.433100000000000190e-04 0.000000000000000000e+00
7.280000000000000000e+02 1.660110000000000014e-03 5.994960000000000349e-04 0.000000000000000000e+00
7.290000000000000000e+02 1.546459000000000028e-03 5.584547000000000252e-04 0.000000000000000000e+00
7.300000000000000000e+02 1.439970999999999959e-03 5.199999999999999544e-04 0.000000000000000000e+00
7.310000000000000000e+02 1.340042000000000056e-03 4.839135999999999741e-04 0.000000000000000000e+00
7.320000000000000000e+02 1.246275000000000030e-03 4.500527999999999950e-04 0.000000000000000000e+00
7.330000000000000000e+02 1.158470999999999893e-03 4.183451999999999939e-04 0.000000000000000000e+00
7.340000000000000000e+02 1.076429999999999965e-03 3.887184000000000017e-04 0.000000000000000000e+00
7.350000000000000000e+02 9.999493000000000791e-04 3.610999999999999952e-04 0.000000000000000000e+00
7.360000000000000000e+02 9.287358000000000332e-04 3.353834999999999781e-04 0.000000000000000000e+00
7.370000000000000000e+02 8.624331999999999745e-04 3.114403999999999870e-04 0.000000000000000000e+00
7.380000000000000000e+02 8.007503000000000233e-04 2.891656000000000152e-04 0.000000000000000000e+00
7.390000000000000000e+02 7.433960000000000090e-04 2.684539000000000218e-04 0.000000000000000000e+00
7.400000000000000000e+02 6.900785999999999899e-04 2.491999999999999858e-04 0.000000000000000000e+00
7.410000000000000000e+02 6.405156000000000174e-04 2.313019000000000088e-04 0.000000000000000000e+00
7.420000000000000000e+02 5.945021000000000420e-04 2.146856000000000101e-04 0.000000000000000000e+00
7.430000000000000000e+02 5.518645999999999881e-04 1.992883999999999942e-04 0.000000000000000000e+00
7.440000000000000000e+02 5.124290000000000095e-04 1.850475000000000134e-04 0.000000000000000000e+00
7.450000000000000000e+02 4.760213000000000226e-04 1.719000000000000042e-04 0.000000000000000000e+00
7.460000000000000000e+02 4.424535999999999747e-04 1.597780999999999941e-04 0.000000000000000000e+00
7.470000000000000000e+02 4.115117000000000059e-04 1.486043999999999896e-04 0.000000000000000000e+00
7.480000000000000000e+02 3.829813999999999853e-04 1.383016000000000041e-04 0.000000000000000000e+00
7.490000000000000000e+02 3.566490999999999867e-04 1.287925000000000040e-04 0.000000000000000000e+00
7.500000000000000000e+02 3.323010999999999955e-04 1.200000000000000030e-04 0.000000000000000000e+00
7.510000000000000000e+02 3.097586000000000263e-04 1.118594999999999952e-04 0.000000000000000000e+00
7.520000000000000000e+02 2.888871000000000212e-04 1.043223999999999958e-04 0.000000000000000000e+00
7.530000000000000000e+02 2.695393999999999828e-04 9.733560000000000367e-05 0.000000000000000000e+00
7.540000000000000000e+02 2.515681999999999879e-04 9.084586999999999491e-05 0.000000000000000000e+00
7.550000000000000000e+02 2.348260999999999979e-04 8.480000000000000124e-05 0.000000000000000000e+00
7.560000000000000000e+02 2.191709999999999926e-04 7.914666999999999688e-05 0.000000000000000000e+00
7.570000000000000000e+02 2.045257999999999994e-04 7.385799999999999657e-05 0.000000000000000000e+00
7.580000000000000000e+02 1.908404999999999900e-04 6.891600000000000221e-05 0.000000000000000000e+00
7.590000000000000000e+02 1.780654000000000113e-04 6.430267000000000144e-05 0.000000000000000000e+00
7.600000000000000000e+02 1.661505000000000078e-04 6.000000000000000152e-05 0.000000000000000000e+00
7.610000000000000000e+02 1.550235999999999975e-04 5.598186999999999803e-05 0.000000000000000000e+00
7.620000000000000000e+02 1.446219000000000053e-04 5.222559999999999681e-05 0.000000000000000000e+00
7.630000000000000000e+02 1.349098000000000072e-04 4.871839999999999759e-05 0.000000000000000000e+00
7.640000000000000000e+02 1.258520000000000005e-04 4.544746999999999942e-05 0.000000000000000000e+00
7.650000000000000000e+02 1.174129999999999955e-04 4.240000000000000062e-05 0.000000000000000000e+00
7.660000000000000000e+02 1.095515000000000030e-04 3.956103999999999892e-05 0.000000000000000000e+00
7.670000000000000000e+02 1.022244999999999968e-04 3.691512000000000309e-05 0.000000000000000000e+00
7.680000000000000000e+02 9.539445000000000617e-05 3.444867999999999964e-05 0.000000000000000000e+00
7.690000000000000000e+02 8.902389999999999989e-05 3.214816000000000223e-05 0.000000000000000000e+00
7.700000000000000000e+02 8.307527000000000531e-05 3.000000000000000076e-05 0.000000000000000000e+00
7.710000000000000000e+02 7.751268999999999325e-05 2.799125000000000072e-05 0.000000000000000000e+00
7.720000000000000000e+02 7.231303999999999976e-05 2.611356000000000075e-05 0.000000000000000000e+00
7.730000000000000000e+02 6.745778000000000180e-05 2.436024000000000040e-05 0.000000000000000000e+00
7.740000000000000000e+02 6.292843999999999478e-05 2.272460999999999993e-05 0.000000000000000000e+00
7.750000000000000000e+02 5.870651999999999913e-05 2.120000000000000031e-05 0.000000000000000000e+00
7.760000000000000000e+02 5.477027999999999834e-05 1.977855000000000056e-05 0.000000000000000000e+00
7.770000000000000000e+02 5.109917999999999888e-05 1.845285000000000070e-05 0.000000000000000000e+00
7.780000000000000000e+02 4.767653999999999940e-05 1.721686999999999903e-05 0.000000000000000000e+00
7.790000000000000000e+02 4.448566999999999788e-05 1.606459000000000131e-05 0.000000000000000000e+00
7.800000000000000000e+02 4.150994000000000325e-05 1.499000000000000048e-05 0.000000000000000000e+00
