1.164748390557839436e-01 1.024982246737323327e-01 5.828954236237425535e-02
3.890728843876249399e-01 3.508343477139626576e-01 2.181199190065905569e-01
1.730102375897495104e-01 1.861533334949187768e-01 2.941770088102621528e-01
1.086057795074152066e-01 1.326947076788630719e-01 5.982178069653009550e-02
2.467826163348497692e-01 2.336399838241325633e-01 3.744352612555759685e-01
3.072377228564256990e-01 4.198697009744628561e-01 3.883039863348786702e-01
3.961438692147240537e-01 3.071754018457988344e-01 5.456004623681590809e-02
1.287439781300764585e-01 1.160339592374753925e-01 3.297154351364084968e-01
2.951629230603333154e-01 1.952420498112141523e-01 1.153359550755259783e-01
8.413459508168896761e-02 6.416106745596440730e-02 1.175208715729872538e-01
3.486687104825836880e-01 4.411322342463760982e-01 1.000033760597544702e-01
4.784174238655030109e-01 4.299286093098949046e-01 6.718845794488581546e-02
7.390010999319350515e-02 5.959303266281568839e-02 2.421433659426643348e-01
1.488588132903133354e-01 2.310872133113834603e-01 8.689786578604617728e-02
2.130943399090616253e-01 1.242293832015953503e-01 4.299651334740872688e-02
5.909640116757689521e-01 6.017722322685660208e-01 8.193303545868334259e-02
3.070288587142407377e-01 1.991525852614976777e-01 2.622498539571501142e-01
1.395982922033962570e-01 1.940833508939157348e-01 3.398845092396400869e-01
8.766667151492290033e-01 9.126326876616479566e-01 8.179385357166680803e-01
5.648355028049598658e-01 5.884951905516391246e-01 5.451727692056675956e-01
3.451637919404363375e-01 3.594844472398375790e-01 3.348057322471617026e-01
1.832283306023577141e-01 1.912051019649676775e-01 1.787777645606897781e-01
8.561330134831263150e-02 8.942390955901871608e-02 8.454025089310351904e-02
3.094963491464037750e-02 3.200668636074693874e-02 3.027654022704581380e-02
